 Sample   Time     Commanded Pos   Encoder 1 Pos 

[    0    0.000            2500               0;
     1    0.009            2500              35;
     2    0.018            2500             212;
     3    0.027            2500             444;
     4    0.035            2500             694;
     5    0.044            2500             961;
     6    0.053            2500            1234;
     7    0.062            2500            1490;
     8    0.071            2500            1722;
     9    0.080            2500            1943;
    10    0.089            2500            2154;
    11    0.097            2500            2346;
    12    0.106            2500            2513;
    13    0.115            2500            2659;
    14    0.124            2500            2791;
    15    0.133            2500            2905;
    16    0.142            2500            3000;
    17    0.151            2500            3078;
    18    0.159            2500            3144;
    19    0.168            2500            3196;
    20    0.177            2500            3236;
    21    0.186            2500            3263;
    22    0.195            2500            3281;
    23    0.204            2500            3290;
    24    0.213            2500            3291;
    25    0.221            2500            3285;
    26    0.230            2500            3275;
    27    0.239            2500            3259;
    28    0.248            2500            3236;
    29    0.257            2500            3208;
    30    0.266            2500            3175;
    31    0.274            2500            3139;
    32    0.283            2500            3102;
    33    0.292            2500            3066;
    34    0.301            2500            3030;
    35    0.310            2500            2993;
    36    0.319            2500            2956;
    37    0.328            2500            2916;
    38    0.336            2500            2875;
    39    0.345            2500            2834;
    40    0.354            2500            2795;
    41    0.363            2500            2757;
    42    0.372            2500            2721;
    43    0.381            2500            2687;
    44    0.390            2500            2657;
    45    0.398            2500            2628;
    46    0.407            2500            2601;
    47    0.416            2500            2577;
    48    0.425            2500            2553;
    49    0.434            2500            2532;
    50    0.443            2500            2513;
    51    0.452            2500            2495;
    52    0.460            2500            2480;
    53    0.469            2500            2467;
    54    0.478            2500            2456;
    55    0.487            2500            2446;
    56    0.496            2500            2438;
    57    0.505            2500            2431;
    58    0.514            2500            2427;
    59    0.522            2500            2424;
    60    0.531            2500            2421;
    61    0.540            2500            2420;
    62    0.549            2500            2418;
    63    0.558            2500            2418;
    64    0.567            2500            2419;
    65    0.576            2500            2420;
    66    0.584            2500            2421;
    67    0.593            2500            2422;
    68    0.602            2500            2424;
    69    0.611            2500            2425;
    70    0.620            2500            2426;
    71    0.629            2500            2428;
    72    0.638            2500            2430;
    73    0.646            2500            2433;
    74    0.655            2500            2435;
    75    0.664            2500            2438;
    76    0.673            2500            2441;
    77    0.682            2500            2444;
    78    0.691            2500            2446;
    79    0.699            2500            2449;
    80    0.708            2500            2451;
    81    0.717            2500            2454;
    82    0.726            2500            2457;
    83    0.735            2500            2460;
    84    0.744            2500            2463;
    85    0.753            2500            2467;
    86    0.761            2500            2470;
    87    0.770            2500            2473;
    88    0.779            2500            2476;
    89    0.788            2500            2479;
    90    0.797            2500            2482;
    91    0.806            2500            2484;
    92    0.815            2500            2487;
    93    0.823            2500            2489;
    94    0.832            2500            2492;
    95    0.841            2500            2494;
    96    0.850            2500            2496;
    97    0.859            2500            2497;
    98    0.868            2500            2499;
    99    0.877            2500            2500;
   100    0.885            2500            2501;
   101    0.894            2500            2501;
   102    0.903            2500            2502;
   103    0.912            2500            2502;
   104    0.921            2500            2503;
   105    0.930            2500            2503;
   106    0.939            2500            2503;
   107    0.947            2500            2503;
   108    0.956            2500            2503;
   109    0.965            2500            2503;
   110    0.974            2500            2503;
   111    0.983            2500            2503;
   112    0.992            2500            2503;
   113    1.001            2500            2504;
   114    1.009            2500            2504;
   115    1.018            2500            2503;
   116    1.027            2500            2504;
   117    1.036            2500            2503;
   118    1.045            2500            2503;
   119    1.054            2500            2503;
   120    1.063            2500            2503;
   121    1.071            2500            2503;
   122    1.080            2500            2503;
   123    1.089            2500            2503;
   124    1.098            2500            2503;
   125    1.107            2500            2504;
   126    1.116            2500            2503;
   127    1.124            2500            2503;
   128    1.133            2500            2503;
   129    1.142            2500            2503;
   130    1.151            2500            2503;
   131    1.160            2500            2503;
   132    1.169            2500            2504;
   133    1.178            2500            2503;
   134    1.186            2500            2503;
   135    1.195            2500            2503;
   136    1.204            2500            2503;
   137    1.213            2500            2503;
   138    1.222            2500            2503;
   139    1.231            2500            2503;
   140    1.240            2500            2503;
   141    1.248            2500            2503;
   142    1.257            2500            2503;
   143    1.266            2500            2503;
   144    1.275            2500            2503;
   145    1.284            2500            2503;
   146    1.293            2500            2503;
   147    1.302            2500            2503;
   148    1.310            2500            2503;
   149    1.319            2500            2503;
   150    1.328            2500            2503;
   151    1.337            2500            2503;
   152    1.346            2500            2503;
   153    1.355            2500            2503;
   154    1.364            2500            2503;
   155    1.372            2500            2503;
   156    1.381            2500            2503;
   157    1.390            2500            2503;
   158    1.399            2500            2503;
   159    1.408            2500            2502;
   160    1.417            2500            2503;
   161    1.426            2500            2502;
   162    1.434            2500            2503;
   163    1.443            2500            2503;
   164    1.452            2500            2503;
   165    1.461            2500            2503;
   166    1.470            2500            2503;
   167    1.479            2500            2502;
   168    1.488            2500            2502;
   169    1.496            2500            2502;
   170    1.505            2500            2502;
   171    1.514            2500            2502;
   172    1.523            2500            2502;
   173    1.532            2500            2502;
   174    1.541            2500            2502;
   175    1.549            2500            2502;
   176    1.558            2500            2502;
   177    1.567            2500            2502;
   178    1.576            2500            2501;
   179    1.585            2500            2501;
   180    1.594            2500            2501;
   181    1.603            2500            2502;
   182    1.611            2500            2502;
   183    1.620            2500            2502;
   184    1.629            2500            2502;
   185    1.638            2500            2502;
   186    1.647            2500            2502;
   187    1.656            2500            2501;
   188    1.665            2500            2502;
   189    1.673            2500            2501;
   190    1.682            2500            2501;
   191    1.691            2500            2501;
   192    1.700            2500            2502;
   193    1.709            2500            2502;
   194    1.718            2500            2502;
   195    1.727            2500            2502;
   196    1.735            2500            2501;
   197    1.744            2500            2501;
   198    1.753            2500            2501;
   199    1.762            2500            2501;
   200    1.771            2500            2501;
   201    1.780            2500            2501;
   202    1.789            2500            2501;
   203    1.797            2500            2501;
   204    1.806            2500            2501;
   205    1.815            2500            2502;
   206    1.824            2500            2501;
   207    1.833            2500            2501;
   208    1.842            2500            2501;
   209    1.851            2500            2501;
   210    1.859            2500            2501;
   211    1.868            2500            2501;
   212    1.877            2500            2501;
   213    1.886            2500            2501;
   214    1.895            2500            2501;
   215    1.904            2500            2501;
   216    1.913            2500            2501;
   217    1.921            2500            2501;
   218    1.930            2500            2501;
   219    1.939            2500            2501;
   220    1.948            2500            2501;
   221    1.957            2500            2501;
   222    1.966            2500            2501;
   223    1.974            2500            2501;
   224    1.983            2500            2501;
   225    1.992            2500            2501;
   226    2.001               0            2501;
   227    2.010               0            2467;
   228    2.019               0            2289;
   229    2.028               0            2057;
   230    2.036               0            1810;
   231    2.045               0            1543;
   232    2.054               0            1270;
   233    2.063               0            1016;
   234    2.072               0             785;
   235    2.081               0             565;
   236    2.090               0             355;
   237    2.098               0             163;
   238    2.107               0              -3;
   239    2.116               0            -148;
   240    2.125               0            -279;
   241    2.134               0            -393;
   242    2.143               0            -487;
   243    2.152               0            -566;
   244    2.160               0            -633;
   245    2.169               0            -687;
   246    2.178               0            -728;
   247    2.187               0            -758;
   248    2.196               0            -778;
   249    2.205               0            -788;
   250    2.214               0            -789;
   251    2.222               0            -785;
   252    2.231               0            -775;
   253    2.240               0            -760;
   254    2.249               0            -739;
   255    2.258               0            -711;
   256    2.267               0            -678;
   257    2.276               0            -643;
   258    2.284               0            -606;
   259    2.293               0            -569;
   260    2.302               0            -532;
   261    2.311               0            -495;
   262    2.320               0            -457;
   263    2.329               0            -418;
   264    2.338               0            -378;
   265    2.346               0            -338;
   266    2.355               0            -299;
   267    2.364               0            -261;
   268    2.373               0            -224;
   269    2.382               0            -190;
   270    2.391               0            -157;
   271    2.399               0            -127;
   272    2.408               0             -98;
   273    2.417               0             -71;
   274    2.426               0             -47;
   275    2.435               0             -24;
   276    2.444               0              -4;
   277    2.453               0              13;
   278    2.461               0              29;
   279    2.470               0              43;
   280    2.479               0              54;
   281    2.488               0              64;
   282    2.497               0              72;
   283    2.506               0              78;
   284    2.515               0              83;
   285    2.523               0              86;
   286    2.532               0              89;
   287    2.541               0              90;
   288    2.550               0              90;
   289    2.559               0              90;
   290    2.568               0              88;
   291    2.577               0              87;
   292    2.585               0              85;
   293    2.594               0              84;
   294    2.603               0              82;
   295    2.612               0              81;
   296    2.621               0              79;
   297    2.630               0              77;
   298    2.639               0              76;
   299    2.647               0              73;
   300    2.656               0              71;
   301    2.665               0              68;
   302    2.674               0              64;
   303    2.683               0              61;
   304    2.692               0              58;
   305    2.701               0              55;
   306    2.709               0              52;
   307    2.718               0              49;
   308    2.727               0              45;
   309    2.736               0              42;
   310    2.745               0              38;
   311    2.754               0              35;
   312    2.763               0              31;
   313    2.771               0              27;
   314    2.780               0              24;
   315    2.789               0              21;
   316    2.798               0              18;
   317    2.807               0              16;
   318    2.816               0              13;
   319    2.824               0              11;
   320    2.833               0               8;
   321    2.842               0               6;
   322    2.851               0               4;
   323    2.860               0               2;
   324    2.869               0               1;
   325    2.878               0              -1;
   326    2.886               0              -2;
   327    2.895               0              -3;
   328    2.904               0              -4;
   329    2.913               0              -5;
   330    2.922               0              -6;
   331    2.931               0              -7;
   332    2.940               0              -7;
   333    2.948               0              -8;
   334    2.957               0              -8;
   335    2.966               0              -8;
   336    2.975               0              -9;
   337    2.984               0              -9;
   338    2.993               0              -9;
   339    3.002               0              -9;
   340    3.010               0              -9;
   341    3.019               0              -9;
   342    3.028               0              -9;
   343    3.037               0              -9;
   344    3.046               0              -9;
   345    3.055               0              -9;
   346    3.064               0              -9;
   347    3.072               0              -9;
   348    3.081               0              -9;
   349    3.090               0              -9;
   350    3.099               0              -9;
   351    3.108               0              -9;
   352    3.117               0              -9;
   353    3.126               0              -9;
   354    3.134               0              -9;
   355    3.143               0              -9;
   356    3.152               0              -9;
   357    3.161               0              -7;
   358    3.170               0              -8;
   359    3.179               0              -8;
   360    3.188               0              -8;
   361    3.196               0              -8;
   362    3.205               0              -7;
   363    3.214               0              -7;
   364    3.223               0              -7;
   365    3.232               0              -7;
   366    3.241               0              -7;
   367    3.249               0              -7;
   368    3.258               0              -7;
   369    3.267               0              -6;
   370    3.276               0              -6;
   371    3.285               0              -6;
   372    3.294               0              -6;
   373    3.303               0              -6;
   374    3.311               0              -6;
   375    3.320               0              -6;
   376    3.329               0              -6;
   377    3.338               0              -6;
   378    3.347               0              -6;
   379    3.356               0              -6;
   380    3.365               0              -6;
   381    3.373               0              -6;
   382    3.382               0              -6;
   383    3.391               0              -6;
   384    3.400               0              -6;
   385    3.409               0              -6;
   386    3.418               0              -5;
   387    3.427               0              -5;
   388    3.435               0              -5;
   389    3.444               0              -5;
   390    3.453               0              -5;
   391    3.462               0              -5;
   392    3.471               0              -5;
   393    3.480               0              -5;
   394    3.489               0              -5;
   395    3.497               0              -5;
   396    3.506               0              -4;
   397    3.515               0              -4;
   398    3.524               0              -4;
   399    3.533               0              -4;
   400    3.542               0              -4;
   401    3.551               0              -4;
   402    3.559               0              -4;
   403    3.568               0              -4;
   404    3.577               0              -4;
   405    3.586               0              -4;
   406    3.595               0              -4;
   407    3.604               0              -4;
   408    3.613               0              -4;
   409    3.621               0              -4;
   410    3.630               0              -4;
   411    3.639               0              -4;
   412    3.648               0              -4;
   413    3.657               0              -3;
   414    3.666               0              -3;
   415    3.674               0              -3;
   416    3.683               0              -3;
   417    3.692               0              -3;
   418    3.701               0              -3;
   419    3.710               0              -3;
   420    3.719               0              -3;
   421    3.728               0              -3;
   422    3.736               0              -3;
   423    3.745               0              -3;
   424    3.754               0              -3;
   425    3.763               0              -3;
   426    3.772               0              -3;
   427    3.781               0              -3;
   428    3.790               0              -3;
   429    3.798               0              -3;
   430    3.807               0              -3;
   431    3.816               0              -3;
   432    3.825               0              -3;
   433    3.834               0              -3;
   434    3.843               0              -3;
   435    3.852               0              -3;
   436    3.860               0              -3;
   437    3.869               0              -3;
   438    3.878               0              -3;
   439    3.887               0              -3;
   440    3.896               0              -3;
   441    3.905               0              -3;
   442    3.914               0              -3;
   443    3.922               0              -3;
   444    3.931               0              -3;
   445    3.940               0              -3;
   446    3.949               0              -2;
   447    3.958               0              -2;
   448    3.967               0              -2;
   449    3.976               0              -2;
   450    3.984               0              -2]
