 Sample   Time     Commanded Pos   Encoder 1 Pos 

[    0    0.000               0               0;
     1    0.009               0               0;
     2    0.018               0               0;
     3    0.027               0               0;
     4    0.035               0               0;
     5    0.044               0               0;
     6    0.053               0               0;
     7    0.062               0               0;
     8    0.071               0               0;
     9    0.080               0               0;
    10    0.089               0               0;
    11    0.097               0               0;
    12    0.106               0               0;
    13    0.115               0               0;
    14    0.124               0               0;
    15    0.133               0               0;
    16    0.142               0               0;
    17    0.151               0               0;
    18    0.159               0               0;
    19    0.168               0               0;
    20    0.177               0               0;
    21    0.186               0               0;
    22    0.195               0               1;
    23    0.204               0               0;
    24    0.213               0               0;
    25    0.221               0               0;
    26    0.230               0               0;
    27    0.239               0               0;
    28    0.248               0               0;
    29    0.257               0               0;
    30    0.266               0               0;
    31    0.274               0               0;
    32    0.283               0               0;
    33    0.292               0               0;
    34    0.301               0               0;
    35    0.310               0               0;
    36    0.319               0               0;
    37    0.328               0               0;
    38    0.336               0               0;
    39    0.345               0               0;
    40    0.354               0               0;
    41    0.363               0               0;
    42    0.372               0               0;
    43    0.381               0               0;
    44    0.390               0               0;
    45    0.398               0               0;
    46    0.407               0               0;
    47    0.416               0               0;
    48    0.425               0               0;
    49    0.434               0               0;
    50    0.443               0               0;
    51    0.452               0               0;
    52    0.460               0               0;
    53    0.469               0               0;
    54    0.478               0               0;
    55    0.487               0               0;
    56    0.496               0               0;
    57    0.505               0               0;
    58    0.514               0               0;
    59    0.522               0               0;
    60    0.531               0               0;
    61    0.540               0               0;
    62    0.549               0               0;
    63    0.558               0               0;
    64    0.567               0               0;
    65    0.576               0               0;
    66    0.584               0               0;
    67    0.593               0               0;
    68    0.602               0               0;
    69    0.611               0               0;
    70    0.620               0               0;
    71    0.629               0               0;
    72    0.638               0               0;
    73    0.646               0               0;
    74    0.655               0               0;
    75    0.664               0               0;
    76    0.673               0               0;
    77    0.682               0               0;
    78    0.691               0               0;
    79    0.699               0               0;
    80    0.708               0               0;
    81    0.717               0               0;
    82    0.726               0               0;
    83    0.735               0               0;
    84    0.744               0               0;
    85    0.753               0               0;
    86    0.761               0               0;
    87    0.770               0               0;
    88    0.779               0               0;
    89    0.788               0               0;
    90    0.797               0               0;
    91    0.806               0               0;
    92    0.815               0               0;
    93    0.823               0               0;
    94    0.832               0               0;
    95    0.841               0               0;
    96    0.850               0               0;
    97    0.859               0               0;
    98    0.868               0               0;
    99    0.877               0               0;
   100    0.885               0               0;
   101    0.894               0               0;
   102    0.903               0               0;
   103    0.912               0               0;
   104    0.921               0               0;
   105    0.930               0               0;
   106    0.939               0               0;
   107    0.947               0               0;
   108    0.956               0               0;
   109    0.965               0               0;
   110    0.974               0               0;
   111    0.983               0               0;
   112    0.992               0               0;
   113    1.001               0               0;
   114    1.009               0               0;
   115    1.018               0               0;
   116    1.027               0               0;
   117    1.036               0               0;
   118    1.045               0               0;
   119    1.054               0               0;
   120    1.063               0               0;
   121    1.071               0               0;
   122    1.080               0               0;
   123    1.089               0               0;
   124    1.098               0               0;
   125    1.107               0               0;
   126    1.116               0               0;
   127    1.124               0               0;
   128    1.133               0               0;
   129    1.142               0               0;
   130    1.151               0               0;
   131    1.160               0               0;
   132    1.169               0               0;
   133    1.178               0               0;
   134    1.186               0               0;
   135    1.195               0               0;
   136    1.204               0               0;
   137    1.213               0               0;
   138    1.222               0               0;
   139    1.231               0               0;
   140    1.240               0               0;
   141    1.248               0               0;
   142    1.257               0               0;
   143    1.266               0               0;
   144    1.275               0               0;
   145    1.284               0               0;
   146    1.293               0               0;
   147    1.302               0               0;
   148    1.310               0               0;
   149    1.319               0               0;
   150    1.328               0               0;
   151    1.337               0               0;
   152    1.346               0               0;
   153    1.355               0               0;
   154    1.364               0               0;
   155    1.372               0               0;
   156    1.381               0               0;
   157    1.390               0               0;
   158    1.399               0               0;
   159    1.408               0               0;
   160    1.417               0               0;
   161    1.426               0               0;
   162    1.434               0               0;
   163    1.443               0               0;
   164    1.452               0               0;
   165    1.461               0               0;
   166    1.470               0               0;
   167    1.479               0               0;
   168    1.488               0               0;
   169    1.496               0               0;
   170    1.505               0               0;
   171    1.514               0               0;
   172    1.523               0               0;
   173    1.532               0               0;
   174    1.541               0               0;
   175    1.549               0               0;
   176    1.558               0               0;
   177    1.567               0               0;
   178    1.576               0               0;
   179    1.585               0               0;
   180    1.594               0               0;
   181    1.603               0               0;
   182    1.611               0               0;
   183    1.620               0               0;
   184    1.629               0               0;
   185    1.638               0               0;
   186    1.647               0               0;
   187    1.656               0               0;
   188    1.665               0               0;
   189    1.673               0               0;
   190    1.682               0               0;
   191    1.691               0               0;
   192    1.700               0               0;
   193    1.709               0               0;
   194    1.718               0               0;
   195    1.727               0               0;
   196    1.735               0               0;
   197    1.744               0               0;
   198    1.753               0               0;
   199    1.762               0               0;
   200    1.771               0               0;
   201    1.780               0               0;
   202    1.789               0               0;
   203    1.797               0               0;
   204    1.806               0               0;
   205    1.815               0               0;
   206    1.824               0               0;
   207    1.833               0               0;
   208    1.842               0               0;
   209    1.851               0               0;
   210    1.859               0               0;
   211    1.868               0               0;
   212    1.877               0               0;
   213    1.886               0               0;
   214    1.895               0               0;
   215    1.904               0               0;
   216    1.913               0               0;
   217    1.921               0               0;
   218    1.930               0               0;
   219    1.939               0               0;
   220    1.948               0               0;
   221    1.957               0               0;
   222    1.966               0               0;
   223    1.974               0               0;
   224    1.983               0               0;
   225    1.992               0               0;
   226    2.001               0               0;
   227    2.010               0               0;
   228    2.019               0               0;
   229    2.028               0               0;
   230    2.036               0               0;
   231    2.045               0               0;
   232    2.054               0               0;
   233    2.063               0               0;
   234    2.072               0               0;
   235    2.081               0               0;
   236    2.090               0               0;
   237    2.098               0               0;
   238    2.107               0               0;
   239    2.116               0               1;
   240    2.125               0               1;
   241    2.134               0               3;
   242    2.143               0               5;
   243    2.152               0              10;
   244    2.160               0              16;
   245    2.169               0              24;
   246    2.178               0              32;
   247    2.187               0              40;
   248    2.196               0              49;
   249    2.205               0              59;
   250    2.214               0              69;
   251    2.222               0              79;
   252    2.231               0              89;
   253    2.240               0             100;
   254    2.249               0             112;
   255    2.258               0             124;
   256    2.267               0             138;
   257    2.276               0             155;
   258    2.284               0             174;
   259    2.293               0             196;
   260    2.302               0             220;
   261    2.311               0             246;
   262    2.320               0             275;
   263    2.329               0             306;
   264    2.338               0             339;
   265    2.346               0             377;
   266    2.355               0             418;
   267    2.364               0             465;
   268    2.373               0             519;
   269    2.382               0             580;
   270    2.391               0             650;
   271    2.399               0             727;
   272    2.408               0             813;
   273    2.417               0             907;
   274    2.426               0            1008;
   275    2.435               0            1115;
   276    2.444               0            1229;
   277    2.453               0            1349;
   278    2.461               0            1475;
   279    2.470               0            1608;
   280    2.479               0            1745;
   281    2.488               0            1887;
   282    2.497               0            2029;
   283    2.506               0            2166;
   284    2.515               0            2288;
   285    2.523               0            2388;
   286    2.532               0            2456;
   287    2.541               0            2487;
   288    2.550               0            2478;
   289    2.559               0            2433;
   290    2.568               0            2352;
   291    2.577               0            2237;
   292    2.585               0            2089;
   293    2.594               0            1912;
   294    2.603               0            1708;
   295    2.612               0            1480;
   296    2.621               0            1231;
   297    2.630               0             967;
   298    2.639               0             691;
   299    2.647               0             407;
   300    2.656               0             120;
   301    2.665               0            -167;
   302    2.674               0            -451;
   303    2.683               0            -727;
   304    2.692               0            -991;
   305    2.701               0           -1239;
   306    2.709               0           -1467;
   307    2.718               0           -1670;
   308    2.727               0           -1846;
   309    2.736               0           -1990;
   310    2.745               0           -2101;
   311    2.754               0           -2176;
   312    2.763               0           -2215;
   313    2.771               0           -2215;
   314    2.780               0           -2181;
   315    2.789               0           -2112;
   316    2.798               0           -2011;
   317    2.807               0           -1878;
   318    2.816               0           -1717;
   319    2.824               0           -1529;
   320    2.833               0           -1318;
   321    2.842               0           -1088;
   322    2.851               0            -843;
   323    2.860               0            -587;
   324    2.869               0            -324;
   325    2.878               0             -59;
   326    2.886               0             206;
   327    2.895               0             467;
   328    2.904               0             720;
   329    2.913               0             964;
   330    2.922               0            1194;
   331    2.931               0            1405;
   332    2.940               0            1595;
   333    2.948               0            1760;
   334    2.957               0            1898;
   335    2.966               0            2006;
   336    2.975               0            2082;
   337    2.984               0            2127;
   338    2.993               0            2137;
   339    3.002               0            2113;
   340    3.010               0            2058;
   341    3.019               0            1975;
   342    3.028               0            1863;
   343    3.037               0            1724;
   344    3.046               0            1561;
   345    3.055               0            1377;
   346    3.064               0            1174;
   347    3.072               0             956;
   348    3.081               0             727;
   349    3.090               0             490;
   350    3.099               0             248;
   351    3.108               0               4;
   352    3.117               0            -238;
   353    3.126               0            -476;
   354    3.134               0            -706;
   355    3.143               0            -924;
   356    3.152               0           -1128;
   357    3.161               0           -1312;
   358    3.170               0           -1476;
   359    3.179               0           -1613;
   360    3.188               0           -1724;
   361    3.196               0           -1805;
   362    3.205               0           -1856;
   363    3.214               0           -1875;
   364    3.223               0           -1862;
   365    3.232               0           -1821;
   366    3.241               0           -1751;
   367    3.249               0           -1654;
   368    3.258               0           -1531;
   369    3.267               0           -1386;
   370    3.276               0           -1220;
   371    3.285               0           -1036;
   372    3.294               0            -838;
   373    3.303               0            -629;
   374    3.311               0            -413;
   375    3.320               0            -192;
   376    3.329               0              29;
   377    3.338               0             248;
   378    3.347               0             463;
   379    3.356               0             671;
   380    3.365               0             869;
   381    3.373               0            1055;
   382    3.382               0            1225;
   383    3.391               0            1376;
   384    3.400               0            1505;
   385    3.409               0            1611;
   386    3.418               0            1692;
   387    3.427               0            1746;
   388    3.435               0            1772;
   389    3.444               0            1771;
   390    3.453               0            1744;
   391    3.462               0            1692;
   392    3.471               0            1617;
   393    3.480               0            1519;
   394    3.489               0            1400;
   395    3.497               0            1263;
   396    3.506               0            1109;
   397    3.515               0             941;
   398    3.524               0             762;
   399    3.533               0             574;
   400    3.542               0             381;
   401    3.551               0             185;
   402    3.559               0             -12;
   403    3.568               0            -207;
   404    3.577               0            -399;
   405    3.586               0            -583;
   406    3.595               0            -758;
   407    3.604               0            -921;
   408    3.613               0           -1068;
   409    3.621               0           -1197;
   410    3.630               0           -1306;
   411    3.639               0           -1393;
   412    3.648               0           -1456;
   413    3.657               0           -1495;
   414    3.666               0           -1508;
   415    3.674               0           -1494;
   416    3.683               0           -1459;
   417    3.692               0           -1400;
   418    3.701               0           -1320;
   419    3.710               0           -1221;
   420    3.719               0           -1105;
   421    3.728               0            -972;
   422    3.736               0            -826;
   423    3.745               0            -669;
   424    3.754               0            -505;
   425    3.763               0            -335;
   426    3.772               0            -162;
   427    3.781               0              11;
   428    3.790               0             183;
   429    3.798               0             350;
   430    3.807               0             511;
   431    3.816               0             665;
   432    3.825               0             809;
   433    3.834               0             942;
   434    3.843               0            1061;
   435    3.852               0            1163;
   436    3.860               0            1248;
   437    3.869               0            1313;
   438    3.878               0            1357;
   439    3.887               0            1379;
   440    3.896               0            1380;
   441    3.905               0            1362;
   442    3.914               0            1324;
   443    3.922               0            1269;
   444    3.931               0            1197;
   445    3.940               0            1109;
   446    3.949               0            1006;
   447    3.958               0             892;
   448    3.967               0             766;
   449    3.976               0             633;
   450    3.984               0             493;
   451    3.993               0             349;
   452    4.002               0             202;
   453    4.011               0              54;
   454    4.020               0             -93;
   455    4.029               0            -237;
   456    4.038               0            -377;
   457    4.046               0            -511;
   458    4.055               0            -635;
   459    4.064               0            -749;
   460    4.073               0            -850;
   461    4.082               0            -937;
   462    4.091               0           -1007;
   463    4.099               0           -1061;
   464    4.108               0           -1097;
   465    4.117               0           -1114;
   466    4.126               0           -1112;
   467    4.135               0           -1094;
   468    4.144               0           -1059;
   469    4.153               0           -1009;
   470    4.161               0            -945;
   471    4.170               0            -868;
   472    4.179               0            -779;
   473    4.188               0            -680;
   474    4.197               0            -572;
   475    4.206               0            -458;
   476    4.215               0            -339;
   477    4.223               0            -217;
   478    4.232               0             -94;
   479    4.241               0              28;
   480    4.250               0             148;
   481    4.259               0             265;
   482    4.268               0             376;
   483    4.277               0             482;
   484    4.285               0             580;
   485    4.294               0             669;
   486    4.303               0             748;
   487    4.312               0             817;
   488    4.321               0             874;
   489    4.330               0             919;
   490    4.339               0             950;
   491    4.347               0             966;
   492    4.356               0             968;
   493    4.365               0             956;
   494    4.374               0             932;
   495    4.383               0             896;
   496    4.392               0             849;
   497    4.401               0             791;
   498    4.409               0             724;
   499    4.418               0             649;
   500    4.427               0             568;
   501    4.436               0             481;
   502    4.445               0             389;
   503    4.454               0             295;
   504    4.463               0             198;
   505    4.471               0             101;
   506    4.480               0               4;
   507    4.489               0             -92;
   508    4.498               0            -185;
   509    4.507               0            -275;
   510    4.516               0            -359;
   511    4.524               0            -437;
   512    4.533               0            -507;
   513    4.542               0            -568;
   514    4.551               0            -620;
   515    4.560               0            -660;
   516    4.569               0            -689;
   517    4.578               0            -706;
   518    4.586               0            -711;
   519    4.595               0            -703;
   520    4.604               0            -687;
   521    4.613               0            -660;
   522    4.622               0            -625;
   523    4.631               0            -581;
   524    4.640               0            -530;
   525    4.648               0            -473;
   526    4.657               0            -411;
   527    4.666               0            -344;
   528    4.675               0            -275;
   529    4.684               0            -203;
   530    4.693               0            -130;
   531    4.702               0             -58;
   532    4.710               0              14;
   533    4.719               0              83;
   534    4.728               0             150;
   535    4.737               0             213;
   536    4.746               0             273;
   537    4.755               0             327;
   538    4.764               0             375;
   539    4.772               0             417;
   540    4.781               0             452;
   541    4.790               0             479;
   542    4.799               0             499;
   543    4.808               0             510;
   544    4.817               0             514;
   545    4.826               0             510;
   546    4.834               0             500;
   547    4.843               0             484;
   548    4.852               0             463;
   549    4.861               0             437;
   550    4.870               0             407;
   551    4.879               0             373;
   552    4.888               0             335;
   553    4.896               0             295;
   554    4.905               0             253;
   555    4.914               0             208;
   556    4.923               0             163;
   557    4.932               0             117;
   558    4.941               0              72;
   559    4.949               0              27;
   560    4.958               0             -17;
   561    4.967               0             -59;
   562    4.976               0             -99;
   563    4.985               0            -136;
   564    4.994               0            -171;
   565    5.003               0            -202;
   566    5.011               0            -228;
   567    5.020               0            -251;
   568    5.029               0            -268;
   569    5.038               0            -281;
   570    5.047               0            -289;
   571    5.056               0            -292;
   572    5.065               0            -289;
   573    5.073               0            -283;
   574    5.082               0            -274;
   575    5.091               0            -261;
   576    5.100               0            -247;
   577    5.109               0            -230;
   578    5.118               0            -212;
   579    5.127               0            -193;
   580    5.135               0            -173;
   581    5.144               0            -151;
   582    5.153               0            -130;
   583    5.162               0            -109;
   584    5.171               0             -88;
   585    5.180               0             -67;
   586    5.189               0             -48;
   587    5.197               0             -29;
   588    5.206               0             -12;
   589    5.215               0               3;
   590    5.224               0              17;
   591    5.233               0              29;
   592    5.242               0              38;
   593    5.251               0              45;
   594    5.259               0              49;
   595    5.268               0              50;
   596    5.277               0              50;
   597    5.286               0              48;
   598    5.295               0              45;
   599    5.304               0              41;
   600    5.313               0              36;
   601    5.321               0              31;
   602    5.330               0              26;
   603    5.339               0              21;
   604    5.348               0              16;
   605    5.357               0              12;
   606    5.366               0               9;
   607    5.374               0               7;
   608    5.383               0               6;
   609    5.392               0               6;
   610    5.401               0               6;
   611    5.410               0               7;
   612    5.419               0               8;
   613    5.428               0               8;
   614    5.436               0               9;
   615    5.445               0               9;
   616    5.454               0               9;
   617    5.463               0               9;
   618    5.472               0               9;
   619    5.481               0               9;
   620    5.490               0               9;
   621    5.498               0               8;
   622    5.507               0               8;
   623    5.516               0               8;
   624    5.525               0               9;
   625    5.534               0               9;
   626    5.543               0               9;
   627    5.552               0               9;
   628    5.560               0               8;
   629    5.569               0               9;
   630    5.578               0               8;
   631    5.587               0               8;
   632    5.596               0               9;
   633    5.605               0               8;
   634    5.614               0               9;
   635    5.622               0               9;
   636    5.631               0               8;
   637    5.640               0               9;
   638    5.649               0               8;
   639    5.658               0               9;
   640    5.667               0               8;
   641    5.676               0               8;
   642    5.684               0               8;
   643    5.693               0               8;
   644    5.702               0               9;
   645    5.711               0               9;
   646    5.720               0               8;
   647    5.729               0               9;
   648    5.738               0               8;
   649    5.746               0               9;
   650    5.755               0               8;
   651    5.764               0               8;
   652    5.773               0               9;
   653    5.782               0               8;
   654    5.791               0               9;
   655    5.799               0               9;
   656    5.808               0               9;
   657    5.817               0               9;
   658    5.826               0               8;
   659    5.835               0               9;
   660    5.844               0               9;
   661    5.853               0               8;
   662    5.861               0               9;
   663    5.870               0               8;
   664    5.879               0               9;
   665    5.888               0               9;
   666    5.897               0               9;
   667    5.906               0               9;
   668    5.915               0               8;
   669    5.923               0               8;
   670    5.932               0               8;
   671    5.941               0               8;
   672    5.950               0               9;
   673    5.959               0               9;
   674    5.968               0               9;
   675    5.977               0               9;
   676    5.985               0               9]
