 Sample   Time     Commanded Pos   Encoder 1 Pos 

[    0    0.000            2500               0;
     1    0.009            2500              63;
     2    0.018            2500             284;
     3    0.027            2500             608;
     4    0.035            2500            1004;
     5    0.044            2500            1454;
     6    0.053            2500            1930;
     7    0.062            2500            2393;
     8    0.071            2500            2812;
     9    0.080            2500            3177;
    10    0.089            2500            3482;
    11    0.097            2500            3714;
    12    0.106            2500            3857;
    13    0.115            2500            3909;
    14    0.124            2500            3881;
    15    0.133            2500            3786;
    16    0.142            2500            3634;
    17    0.151            2500            3435;
    18    0.159            2500            3208;
    19    0.168            2500            2967;
    20    0.177            2500            2722;
    21    0.186            2500            2487;
    22    0.195            2500            2273;
    23    0.204            2500            2095;
    24    0.213            2500            1961;
    25    0.221            2500            1878;
    26    0.230            2500            1846;
    27    0.239            2500            1862;
    28    0.248            2500            1918;
    29    0.257            2500            2004;
    30    0.266            2500            2111;
    31    0.274            2500            2230;
    32    0.283            2500            2355;
    33    0.292            2500            2478;
    34    0.301            2500            2593;
    35    0.310            2500            2697;
    36    0.319            2500            2783;
    37    0.328            2500            2847;
    38    0.336            2500            2888;
    39    0.345            2500            2906;
    40    0.354            2500            2903;
    41    0.363            2500            2880;
    42    0.372            2500            2842;
    43    0.381            2500            2792;
    44    0.390            2500            2734;
    45    0.398            2500            2671;
    46    0.407            2500            2607;
    47    0.416            2500            2547;
    48    0.425            2500            2493;
    49    0.434            2500            2449;
    50    0.443            2500            2416;
    51    0.452            2500            2395;
    52    0.460            2500            2385;
    53    0.469            2500            2386;
    54    0.478            2500            2395;
    55    0.487            2500            2411;
    56    0.496            2500            2431;
    57    0.505            2500            2455;
    58    0.514            2500            2482;
    59    0.522            2500            2509;
    60    0.531            2500            2535;
    61    0.540            2500            2558;
    62    0.549            2500            2577;
    63    0.558            2500            2592;
    64    0.567            2500            2602;
    65    0.576            2500            2607;
    66    0.584            2500            2608;
    67    0.593            2500            2605;
    68    0.602            2500            2600;
    69    0.611            2500            2593;
    70    0.620            2500            2585;
    71    0.629            2500            2576;
    72    0.638            2500            2568;
    73    0.646            2500            2560;
    74    0.655            2500            2553;
    75    0.664            2500            2546;
    76    0.673            2500            2540;
    77    0.682            2500            2536;
    78    0.691            2500            2533;
    79    0.699            2500            2531;
    80    0.708            2500            2532;
    81    0.717            2500            2533;
    82    0.726            2500            2535;
    83    0.735            2500            2536;
    84    0.744            2500            2537;
    85    0.753            2500            2537;
    86    0.761            2500            2537;
    87    0.770            2500            2537;
    88    0.779            2500            2537;
    89    0.788            2500            2537;
    90    0.797            2500            2537;
    91    0.806            2500            2537;
    92    0.815            2500            2537;
    93    0.823            2500            2537;
    94    0.832            2500            2537;
    95    0.841            2500            2537;
    96    0.850            2500            2537;
    97    0.859            2500            2537;
    98    0.868            2500            2537;
    99    0.877            2500            2537;
   100    0.885            2500            2537;
   101    0.894            2500            2536;
   102    0.903            2500            2537;
   103    0.912            2500            2537;
   104    0.921            2500            2537;
   105    0.930            2500            2537;
   106    0.939            2500            2537;
   107    0.947            2500            2537;
   108    0.956            2500            2537;
   109    0.965            2500            2537;
   110    0.974            2500            2537;
   111    0.983            2500            2537;
   112    0.992            2500            2537;
   113    1.001            2500            2537;
   114    1.009               0            2477;
   115    1.018               0            2266;
   116    1.027               0            1956;
   117    1.036               0            1573;
   118    1.045               0            1135;
   119    1.054               0             670;
   120    1.063               0             214;
   121    1.071               0            -199;
   122    1.080               0            -556;
   123    1.089               0            -852;
   124    1.098               0           -1085;
   125    1.107               0           -1241;
   126    1.116               0           -1315;
   127    1.124               0           -1315;
   128    1.133               0           -1250;
   129    1.142               0           -1126;
   130    1.151               0            -952;
   131    1.160               0            -743;
   132    1.169               0            -515;
   133    1.178               0            -277;
   134    1.186               0             -42;
   135    1.195               0             178;
   136    1.204               0             366;
   137    1.213               0             513;
   138    1.222               0             613;
   139    1.231               0             664;
   140    1.240               0             666;
   141    1.248               0             626;
   142    1.257               0             556;
   143    1.266               0             463;
   144    1.275               0             355;
   145    1.284               0             239;
   146    1.293               0             123;
   147    1.302               0              11;
   148    1.310               0             -89;
   149    1.319               0            -174;
   150    1.328               0            -238;
   151    1.337               0            -278;
   152    1.346               0            -296;
   153    1.355               0            -290;
   154    1.364               0            -267;
   155    1.372               0            -229;
   156    1.381               0            -180;
   157    1.390               0            -125;
   158    1.399               0             -67;
   159    1.408               0             -10;
   160    1.417               0              43;
   161    1.426               0              88;
   162    1.434               0             123;
   163    1.443               0             147;
   164    1.452               0             161;
   165    1.461               0             165;
   166    1.470               0             161;
   167    1.479               0             150;
   168    1.488               0             135;
   169    1.496               0             117;
   170    1.505               0              96;
   171    1.514               0              73;
   172    1.523               0              50;
   173    1.532               0              29;
   174    1.541               0              10;
   175    1.549               0              -6;
   176    1.558               0             -17;
   177    1.567               0             -24;
   178    1.576               0             -27;
   179    1.585               0             -25;
   180    1.594               0             -22;
   181    1.603               0             -16;
   182    1.611               0             -10;
   183    1.620               0              -3;
   184    1.629               0               3;
   185    1.638               0               8;
   186    1.647               0              13;
   187    1.656               0              17;
   188    1.665               0              20;
   189    1.673               0              22;
   190    1.682               0              22;
   191    1.691               0              22;
   192    1.700               0              21;
   193    1.709               0              20;
   194    1.718               0              19;
   195    1.727               0              18;
   196    1.735               0              18;
   197    1.744               0              18;
   198    1.753               0              19;
   199    1.762               0              19;
   200    1.771               0              19;
   201    1.780               0              19;
   202    1.789               0              18;
   203    1.797               0              19;
   204    1.806               0              18;
   205    1.815               0              19;
   206    1.824               0              19;
   207    1.833               0              19;
   208    1.842               0              19;
   209    1.851               0              19;
   210    1.859               0              19;
   211    1.868               0              19;
   212    1.877               0              18;
   213    1.886               0              19;
   214    1.895               0              19;
   215    1.904               0              19;
   216    1.913               0              19;
   217    1.921               0              19;
   218    1.930               0              19;
   219    1.939               0              19;
   220    1.948               0              19;
   221    1.957               0              19;
   222    1.966               0              18;
   223    1.974               0              19;
   224    1.983               0              19;
   225    1.992               0              19]
