 Sample   Time     Commanded Pos   Encoder 1 Pos 

[    0    0.000            2500               0;
     1    0.009            2500              77;
     2    0.018            2500             274;
     3    0.027            2500             498;
     4    0.035            2500             733;
     5    0.044            2500             980;
     6    0.053            2500            1217;
     7    0.062            2500            1427;
     8    0.071            2500            1617;
     9    0.080            2500            1799;
    10    0.089            2500            1970;
    11    0.097            2500            2118;
    12    0.106            2500            2246;
    13    0.115            2500            2361;
    14    0.124            2500            2465;
    15    0.133            2500            2555;
    16    0.142            2500            2631;
    17    0.151            2500            2698;
    18    0.159            2500            2757;
    19    0.168            2500            2807;
    20    0.177            2500            2849;
    21    0.186            2500            2885;
    22    0.195            2500            2917;
    23    0.204            2500            2942;
    24    0.213            2500            2962;
    25    0.221            2500            2978;
    26    0.230            2500            2991;
    27    0.239            2500            2998;
    28    0.248            2500            2999;
    29    0.257            2500            2996;
    30    0.266            2500            2992;
    31    0.274            2500            2988;
    32    0.283            2500            2984;
    33    0.292            2500            2980;
    34    0.301            2500            2977;
    35    0.310            2500            2972;
    36    0.319            2500            2964;
    37    0.328            2500            2954;
    38    0.336            2500            2943;
    39    0.345            2500            2931;
    40    0.354            2500            2918;
    41    0.363            2500            2905;
    42    0.372            2500            2893;
    43    0.381            2500            2880;
    44    0.390            2500            2867;
    45    0.398            2500            2853;
    46    0.407            2500            2840;
    47    0.416            2500            2827;
    48    0.425            2500            2814;
    49    0.434            2500            2801;
    50    0.443            2500            2788;
    51    0.452            2500            2776;
    52    0.460            2500            2764;
    53    0.469            2500            2752;
    54    0.478            2500            2741;
    55    0.487            2500            2730;
    56    0.496            2500            2720;
    57    0.505            2500            2709;
    58    0.514            2500            2699;
    59    0.522            2500            2689;
    60    0.531            2500            2678;
    61    0.540            2500            2668;
    62    0.549            2500            2657;
    63    0.558            2500            2647;
    64    0.567            2500            2638;
    65    0.576            2500            2629;
    66    0.584            2500            2620;
    67    0.593            2500            2613;
    68    0.602            2500            2605;
    69    0.611            2500            2597;
    70    0.620            2500            2591;
    71    0.629            2500            2584;
    72    0.638            2500            2579;
    73    0.646            2500            2573;
    74    0.655            2500            2568;
    75    0.664            2500            2564;
    76    0.673            2500            2559;
    77    0.682            2500            2555;
    78    0.691            2500            2551;
    79    0.699            2500            2548;
    80    0.708            2500            2544;
    81    0.717            2500            2541;
    82    0.726            2500            2538;
    83    0.735            2500            2535;
    84    0.744            2500            2533;
    85    0.753            2500            2531;
    86    0.761            2500            2529;
    87    0.770            2500            2527;
    88    0.779            2500            2525;
    89    0.788            2500            2523;
    90    0.797            2500            2521;
    91    0.806            2500            2519;
    92    0.815            2500            2518;
    93    0.823            2500            2516;
    94    0.832            2500            2515;
    95    0.841            2500            2513;
    96    0.850            2500            2512;
    97    0.859            2500            2511;
    98    0.868            2500            2510;
    99    0.877            2500            2509;
   100    0.885            2500            2507;
   101    0.894            2500            2506;
   102    0.903            2500            2506;
   103    0.912            2500            2505;
   104    0.921            2500            2504;
   105    0.930            2500            2504;
   106    0.939            2500            2503;
   107    0.947            2500            2502;
   108    0.956            2500            2502;
   109    0.965            2500            2502;
   110    0.974            2500            2501;
   111    0.983            2500            2501;
   112    0.992            2500            2500;
   113    1.001            2500            2500;
   114    1.009            2500            2500;
   115    1.018            2500            2500;
   116    1.027            2500            2500;
   117    1.036            2500            2499;
   118    1.045            2500            2499;
   119    1.054            2500            2499;
   120    1.063            2500            2499;
   121    1.071            2500            2499;
   122    1.080            2500            2499;
   123    1.089            2500            2499;
   124    1.098            2500            2499;
   125    1.107            2500            2499;
   126    1.116            2500            2498;
   127    1.124            2500            2498;
   128    1.133            2500            2498;
   129    1.142            2500            2498;
   130    1.151            2500            2498;
   131    1.160            2500            2498;
   132    1.169            2500            2498;
   133    1.178            2500            2498;
   134    1.186            2500            2498;
   135    1.195            2500            2498;
   136    1.204            2500            2498;
   137    1.213            2500            2498;
   138    1.222            2500            2498;
   139    1.231            2500            2498;
   140    1.240            2500            2498;
   141    1.248            2500            2498;
   142    1.257            2500            2498;
   143    1.266            2500            2498;
   144    1.275            2500            2498;
   145    1.284            2500            2498;
   146    1.293            2500            2498;
   147    1.302            2500            2498;
   148    1.310            2500            2497;
   149    1.319            2500            2498;
   150    1.328            2500            2498;
   151    1.337            2500            2497;
   152    1.346            2500            2498;
   153    1.355            2500            2497;
   154    1.364            2500            2497;
   155    1.372            2500            2497;
   156    1.381            2500            2497;
   157    1.390            2500            2497;
   158    1.399            2500            2497;
   159    1.408            2500            2497;
   160    1.417            2500            2497;
   161    1.426            2500            2497;
   162    1.434            2500            2497;
   163    1.443            2500            2497;
   164    1.452            2500            2497;
   165    1.461            2500            2497;
   166    1.470            2500            2497;
   167    1.479            2500            2497;
   168    1.488            2500            2497;
   169    1.496            2500            2497;
   170    1.505            2500            2497;
   171    1.514            2500            2497;
   172    1.523            2500            2497;
   173    1.532            2500            2497;
   174    1.541            2500            2497;
   175    1.549            2500            2497;
   176    1.558            2500            2497;
   177    1.567            2500            2497;
   178    1.576            2500            2497;
   179    1.585            2500            2497;
   180    1.594            2500            2497;
   181    1.603            2500            2497;
   182    1.611            2500            2497;
   183    1.620            2500            2497;
   184    1.629            2500            2497;
   185    1.638            2500            2497;
   186    1.647            2500            2497;
   187    1.656            2500            2497;
   188    1.665            2500            2497;
   189    1.673            2500            2497;
   190    1.682            2500            2498;
   191    1.691            2500            2497;
   192    1.700            2500            2498;
   193    1.709            2500            2497;
   194    1.718            2500            2498;
   195    1.727            2500            2497;
   196    1.735            2500            2498;
   197    1.744            2500            2497;
   198    1.753            2500            2498;
   199    1.762            2500            2498;
   200    1.771            2500            2498;
   201    1.780            2500            2498;
   202    1.789            2500            2498;
   203    1.797            2500            2498;
   204    1.806            2500            2498;
   205    1.815            2500            2498;
   206    1.824            2500            2498;
   207    1.833            2500            2498;
   208    1.842            2500            2498;
   209    1.851            2500            2498;
   210    1.859            2500            2498;
   211    1.868            2500            2498;
   212    1.877            2500            2498;
   213    1.886            2500            2498;
   214    1.895            2500            2498;
   215    1.904            2500            2498;
   216    1.913            2500            2498;
   217    1.921            2500            2498;
   218    1.930            2500            2498;
   219    1.939            2500            2498;
   220    1.948            2500            2498;
   221    1.957            2500            2498;
   222    1.966            2500            2498;
   223    1.974            2500            2498;
   224    1.983            2500            2498;
   225    1.992            2500            2498;
   226    2.001               0            2498;
   227    2.010               0            2420;
   228    2.019               0            2227;
   229    2.028               0            2007;
   230    2.036               0            1774;
   231    2.045               0            1529;
   232    2.054               0            1291;
   233    2.063               0            1080;
   234    2.072               0             889;
   235    2.081               0             706;
   236    2.090               0             536;
   237    2.098               0             387;
   238    2.107               0             259;
   239    2.116               0             144;
   240    2.125               0              40;
   241    2.134               0             -50;
   242    2.143               0            -126;
   243    2.152               0            -192;
   244    2.160               0            -250;
   245    2.169               0            -300;
   246    2.178               0            -341;
   247    2.187               0            -377;
   248    2.196               0            -408;
   249    2.205               0            -433;
   250    2.214               0            -454;
   251    2.222               0            -472;
   252    2.231               0            -485;
   253    2.240               0            -493;
   254    2.249               0            -496;
   255    2.258               0            -492;
   256    2.267               0            -488;
   257    2.276               0            -483;
   258    2.284               0            -479;
   259    2.293               0            -475;
   260    2.302               0            -472;
   261    2.311               0            -467;
   262    2.320               0            -461;
   263    2.329               0            -452;
   264    2.338               0            -442;
   265    2.346               0            -431;
   266    2.355               0            -420;
   267    2.364               0            -408;
   268    2.373               0            -396;
   269    2.382               0            -385;
   270    2.391               0            -373;
   271    2.399               0            -360;
   272    2.408               0            -348;
   273    2.417               0            -335;
   274    2.426               0            -322;
   275    2.435               0            -309;
   276    2.444               0            -296;
   277    2.453               0            -283;
   278    2.461               0            -270;
   279    2.470               0            -257;
   280    2.479               0            -245;
   281    2.488               0            -233;
   282    2.497               0            -221;
   283    2.506               0            -210;
   284    2.515               0            -200;
   285    2.523               0            -190;
   286    2.532               0            -179;
   287    2.541               0            -170;
   288    2.550               0            -160;
   289    2.559               0            -151;
   290    2.568               0            -142;
   291    2.577               0            -134;
   292    2.585               0            -126;
   293    2.594               0            -118;
   294    2.603               0            -110;
   295    2.612               0            -103;
   296    2.621               0             -96;
   297    2.630               0             -89;
   298    2.639               0             -83;
   299    2.647               0             -78;
   300    2.656               0             -73;
   301    2.665               0             -68;
   302    2.674               0             -64;
   303    2.683               0             -59;
   304    2.692               0             -55;
   305    2.701               0             -51;
   306    2.709               0             -47;
   307    2.718               0             -44;
   308    2.727               0             -40;
   309    2.736               0             -38;
   310    2.745               0             -35;
   311    2.754               0             -33;
   312    2.763               0             -31;
   313    2.771               0             -29;
   314    2.780               0             -27;
   315    2.789               0             -26;
   316    2.798               0             -24;
   317    2.807               0             -22;
   318    2.816               0             -20;
   319    2.824               0             -19;
   320    2.833               0             -18;
   321    2.842               0             -16;
   322    2.851               0             -15;
   323    2.860               0             -14;
   324    2.869               0             -12;
   325    2.878               0             -11;
   326    2.886               0             -10;
   327    2.895               0              -9;
   328    2.904               0              -8;
   329    2.913               0              -7;
   330    2.922               0              -7;
   331    2.931               0              -6;
   332    2.940               0              -5;
   333    2.948               0              -5;
   334    2.957               0              -5;
   335    2.966               0              -4;
   336    2.975               0              -3;
   337    2.984               0              -3;
   338    2.993               0              -3;
   339    3.002               0              -2;
   340    3.010               0              -2;
   341    3.019               0              -2;
   342    3.028               0              -2;
   343    3.037               0              -2;
   344    3.046               0              -1;
   345    3.055               0              -1;
   346    3.064               0              -0;
   347    3.072               0               0;
   348    3.081               0               0;
   349    3.090               0               0;
   350    3.099               0               0;
   351    3.108               0               0;
   352    3.117               0               0;
   353    3.126               0               0;
   354    3.134               0               0;
   355    3.143               0               1;
   356    3.152               0               1;
   357    3.161               0               1;
   358    3.170               0               1;
   359    3.179               0               1;
   360    3.188               0               1;
   361    3.196               0               1;
   362    3.205               0               1;
   363    3.214               0               1;
   364    3.223               0               1;
   365    3.232               0               1;
   366    3.241               0               1;
   367    3.249               0               1;
   368    3.258               0               1;
   369    3.267               0               1;
   370    3.276               0               1;
   371    3.285               0               1;
   372    3.294               0               1;
   373    3.303               0               1;
   374    3.311               0               1;
   375    3.320               0               1;
   376    3.329               0               1;
   377    3.338               0               1;
   378    3.347               0               1;
   379    3.356               0               1;
   380    3.365               0               1;
   381    3.373               0               1;
   382    3.382               0               1;
   383    3.391               0               1;
   384    3.400               0               1;
   385    3.409               0               1;
   386    3.418               0               1;
   387    3.427               0               1;
   388    3.435               0               1;
   389    3.444               0               1;
   390    3.453               0               1;
   391    3.462               0               1;
   392    3.471               0               1;
   393    3.480               0               1;
   394    3.489               0               1;
   395    3.497               0               1;
   396    3.506               0               1;
   397    3.515               0               1;
   398    3.524               0               1;
   399    3.533               0               1;
   400    3.542               0               1;
   401    3.551               0               1;
   402    3.559               0               1;
   403    3.568               0               1;
   404    3.577               0               1;
   405    3.586               0               1;
   406    3.595               0               1;
   407    3.604               0               2;
   408    3.613               0               1;
   409    3.621               0               2;
   410    3.630               0               1;
   411    3.639               0               2;
   412    3.648               0               1;
   413    3.657               0               2;
   414    3.666               0               2;
   415    3.674               0               2;
   416    3.683               0               2;
   417    3.692               0               2;
   418    3.701               0               2;
   419    3.710               0               2;
   420    3.719               0               2;
   421    3.728               0               2;
   422    3.736               0               2;
   423    3.745               0               2;
   424    3.754               0               2;
   425    3.763               0               2;
   426    3.772               0               2;
   427    3.781               0               2;
   428    3.790               0               2;
   429    3.798               0               2;
   430    3.807               0               2;
   431    3.816               0               2;
   432    3.825               0               2;
   433    3.834               0               2;
   434    3.843               0               2;
   435    3.852               0               2;
   436    3.860               0               2;
   437    3.869               0               2;
   438    3.878               0               2;
   439    3.887               0               2;
   440    3.896               0               2;
   441    3.905               0               2;
   442    3.914               0               2;
   443    3.922               0               2;
   444    3.931               0               2;
   445    3.940               0               2;
   446    3.949               0               2;
   447    3.958               0               2;
   448    3.967               0               2;
   449    3.976               0               2;
   450    3.984               0               2]
