 Sample   Time     Commanded Pos   Encoder 1 Pos 

[    0    0.000            2500               1;
     1    0.009            2500              48;
     2    0.018            2500             230;
     3    0.027            2500             438;
     4    0.035            2500             650;
     5    0.044            2500             869;
     6    0.053            2500            1077;
     7    0.062            2500            1255;
     8    0.071            2500            1408;
     9    0.080            2500            1552;
    10    0.089            2500            1685;
    11    0.097            2500            1798;
    12    0.106            2500            1890;
    13    0.115            2500            1971;
    14    0.124            2500            2045;
    15    0.133            2500            2108;
    16    0.142            2500            2160;
    17    0.151            2500            2205;
    18    0.159            2500            2245;
    19    0.168            2500            2279;
    20    0.177            2500            2308;
    21    0.186            2500            2334;
    22    0.195            2500            2357;
    23    0.204            2500            2378;
    24    0.213            2500            2397;
    25    0.221            2500            2414;
    26    0.230            2500            2429;
    27    0.239            2500            2441;
    28    0.248            2500            2449;
    29    0.257            2500            2455;
    30    0.266            2500            2459;
    31    0.274            2500            2463;
    32    0.283            2500            2468;
    33    0.292            2500            2474;
    34    0.301            2500            2480;
    35    0.310            2500            2485;
    36    0.319            2500            2489;
    37    0.328            2500            2491;
    38    0.336            2500            2492;
    39    0.345            2500            2493;
    40    0.354            2500            2494;
    41    0.363            2500            2495;
    42    0.372            2500            2496;
    43    0.381            2500            2497;
    44    0.390            2500            2498;
    45    0.398            2500            2499;
    46    0.407            2500            2500;
    47    0.416            2500            2501;
    48    0.425            2500            2502;
    49    0.434            2500            2502;
    50    0.443            2500            2503;
    51    0.452            2500            2503;
    52    0.460            2500            2503;
    53    0.469            2500            2503;
    54    0.478            2500            2503;
    55    0.487            2500            2504;
    56    0.496            2500            2504;
    57    0.505            2500            2505;
    58    0.514            2500            2506;
    59    0.522            2500            2506;
    60    0.531            2500            2506;
    61    0.540            2500            2506;
    62    0.549            2500            2506;
    63    0.558            2500            2506;
    64    0.567            2500            2506;
    65    0.576            2500            2507;
    66    0.584            2500            2507;
    67    0.593            2500            2507;
    68    0.602            2500            2507;
    69    0.611            2500            2507;
    70    0.620            2500            2507;
    71    0.629            2500            2507;
    72    0.638            2500            2507;
    73    0.646            2500            2507;
    74    0.655            2500            2508;
    75    0.664            2500            2508;
    76    0.673            2500            2508;
    77    0.682            2500            2508;
    78    0.691            2500            2508;
    79    0.699            2500            2508;
    80    0.708            2500            2508;
    81    0.717            2500            2508;
    82    0.726            2500            2508;
    83    0.735            2500            2508;
    84    0.744            2500            2508;
    85    0.753            2500            2508;
    86    0.761            2500            2508;
    87    0.770            2500            2508;
    88    0.779            2500            2508;
    89    0.788            2500            2508;
    90    0.797            2500            2508;
    91    0.806            2500            2509;
    92    0.815            2500            2509;
    93    0.823            2500            2509;
    94    0.832            2500            2509;
    95    0.841            2500            2509;
    96    0.850            2500            2509;
    97    0.859            2500            2509;
    98    0.868            2500            2509;
    99    0.877            2500            2509;
   100    0.885            2500            2509;
   101    0.894            2500            2509;
   102    0.903            2500            2509;
   103    0.912            2500            2509;
   104    0.921            2500            2509;
   105    0.930            2500            2509;
   106    0.939            2500            2509;
   107    0.947            2500            2509;
   108    0.956            2500            2509;
   109    0.965            2500            2509;
   110    0.974            2500            2509;
   111    0.983            2500            2509;
   112    0.992            2500            2509;
   113    1.001            2500            2509;
   114    1.009               0            2461;
   115    1.018               0            2290;
   116    1.027               0            2089;
   117    1.036               0            1884;
   118    1.045               0            1670;
   119    1.054               0            1465;
   120    1.063               0            1289;
   121    1.071               0            1138;
   122    1.080               0             996;
   123    1.089               0             866;
   124    1.098               0             756;
   125    1.107               0             665;
   126    1.116               0             585;
   127    1.124               0             512;
   128    1.133               0             451;
   129    1.142               0             401;
   130    1.151               0             357;
   131    1.160               0             317;
   132    1.169               0             284;
   133    1.178               0             255;
   134    1.186               0             229;
   135    1.195               0             205;
   136    1.204               0             183;
   137    1.213               0             164;
   138    1.222               0             147;
   139    1.231               0             131;
   140    1.240               0             120;
   141    1.248               0             112;
   142    1.257               0             107;
   143    1.266               0             103;
   144    1.275               0              98;
   145    1.284               0              94;
   146    1.293               0              87;
   147    1.302               0              82;
   148    1.310               0              77;
   149    1.319               0              74;
   150    1.328               0              73;
   151    1.337               0              72;
   152    1.346               0              71;
   153    1.355               0              69;
   154    1.364               0              68;
   155    1.372               0              67;
   156    1.381               0              66;
   157    1.390               0              65;
   158    1.399               0              64;
   159    1.408               0              63;
   160    1.417               0              62;
   161    1.426               0              61;
   162    1.434               0              61;
   163    1.443               0              61;
   164    1.452               0              61;
   165    1.461               0              61;
   166    1.470               0              60;
   167    1.479               0              60;
   168    1.488               0              59;
   169    1.496               0              59;
   170    1.505               0              58;
   171    1.514               0              58;
   172    1.523               0              58;
   173    1.532               0              58;
   174    1.541               0              58;
   175    1.549               0              58;
   176    1.558               0              58;
   177    1.567               0              58;
   178    1.576               0              57;
   179    1.585               0              57;
   180    1.594               0              57;
   181    1.603               0              57;
   182    1.611               0              57;
   183    1.620               0              56;
   184    1.629               0              57;
   185    1.638               0              56;
   186    1.647               0              57;
   187    1.656               0              56;
   188    1.665               0              56;
   189    1.673               0              56;
   190    1.682               0              55;
   191    1.691               0              56;
   192    1.700               0              55;
   193    1.709               0              55;
   194    1.718               0              55;
   195    1.727               0              55;
   196    1.735               0              55;
   197    1.744               0              55;
   198    1.753               0              55;
   199    1.762               0              55;
   200    1.771               0              55;
   201    1.780               0              55;
   202    1.789               0              55;
   203    1.797               0              55;
   204    1.806               0              55;
   205    1.815               0              55;
   206    1.824               0              55;
   207    1.833               0              55;
   208    1.842               0              55;
   209    1.851               0              55;
   210    1.859               0              55;
   211    1.868               0              55;
   212    1.877               0              55;
   213    1.886               0              55;
   214    1.895               0              55;
   215    1.904               0              55;
   216    1.913               0              55;
   217    1.921               0              55;
   218    1.930               0              55;
   219    1.939               0              55;
   220    1.948               0              55;
   221    1.957               0              55;
   222    1.966               0              55;
   223    1.974               0              55;
   224    1.983               0              55;
   225    1.992               0              55]
